# 1 <- Order of the phased Markov chain
# 1 <- Phase
# 20 <- Alphabet size
# Transition matrix:
0.074154853	0.083969466	0.077971647	0.02780807	0.011995638	0.026172301	0.12486369	0.086695747	0.041984733	0.0043620502	0.046346783	0.0081788441	0.039803708	0.017448201	0.11832061	0.041984733	0.062159215	0.021264995	0.041984733	0.042529989	
0.07456979	0.086998088	0.076959847	0.032026769	0.009082218	0.024378585	0.098948375	0.055449331	0.062619503	0.008126195	0.044933078	0.022466539	0.057839388	0.017686424	0.097036329	0.051147228	0.05210325	0.020076482	0.051147228	0.056405354	
0.061000407	0.061407076	0.087027247	0.036193575	0.014640098	0.029280195	0.12078081	0.082147214	0.073200488	0.00650671	0.061407076	0.015046767	0.046360309	0.020333469	0.052867019	0.02602684	0.074013827	0.033346889	0.055307035	0.043106954	
0.06795302	0.053691275	0.06795302	0.056208054	0.011744966	0.014261745	0.12583893	0.092281879	0.048657718	0.0092281879	0.061241611	0.031879195	0.054530201	0.046979866	0.069630872	0.024328859	0.041946309	0.037751678	0.043624161	0.040268456	
0.048929664	0.058103976	0.076452599	0.097859327	0.006116208	0.0091743119	0.088685015	0.14067278	0.033639144	0.01529052	0.03058104	0.024464832	0.073394495	0.027522936	0.085626911	0.003058104	0.067278287	0.036697248	0.03058104	0.04587156	
0.073573574	0.048048048	0.051051051	0.048048048	0.010510511	0.021021021	0.1021021	0.088588589	0.064564565	0.013513514	0.084084084	0.010510511	0.072072072	0.012012012	0.054054054	0.04954955	0.070570571	0.052552553	0.037537538	0.036036036	
0.076377154	0.099019939	0.093274755	0.042581953	0.01351808	0.027036161	0.13416695	0.07570125	0.040216289	0.0057451842	0.040554241	0.028725921	0.042244001	0.018249409	0.069956066	0.022980737	0.044271713	0.022980737	0.050016898	0.052382562	
0.076271186	0.076656394	0.10901387	0.048151002	0.010015408	0.027734977	0.083975347	0.090523883	0.044298921	0.0034668721	0.049306626	0.031587057	0.029661017	0.032357473	0.050077042	0.015023112	0.038520801	0.057010786	0.046610169	0.079738059	
0.058518519	0.04	0.086666667	0.054074074	0.02	0.02962963	0.074814815	0.18296296	0.057037037	0.011111111	0.034074074	0.041481481	0.043703704	0.041481481	0.048888889	0.028148148	0.04	0.034074074	0.038518519	0.034814815	
0.038647343	0.043478261	0.06763285	0.06763285	0.033816425	0.0096618357	0.096618357	0.10144928	0.0096618357	0.019323671	0.057971014	0.019323671	0.062801932	0.043478261	0.043478261	0.043478261	0.11594203	0.033816425	0.043478261	0.048309179	
0.050822123	0.059790732	0.10463378	0.047085202	0.015695067	0.021674141	0.091928251	0.13751868	0.047832586	0.0067264574	0.050822123	0.050074738	0.040358744	0.024663677	0.051569507	0.027653214	0.042600897	0.03064275	0.060538117	0.037369208	
0.069258809	0.059538275	0.10206561	0.037667072	0.017010936	0.02308627	0.078979344	0.066828676	0.055893074	0.007290401	0.037667072	0.031591738	0.10328068	0.054678007	0.063183475	0.019441069	0.032806804	0.030376671	0.038882139	0.070473876	
0.05482304	0.068008328	0.12352533	0.039555864	0.0069396253	0.015961138	0.090215128	0.087439278	0.024288688	0.0062456627	0.036780014	0.07425399	0.070090215	0.015267176	0.051353227	0.018736988	0.094378904	0.027064539	0.047189452	0.047883414	
0.029126214	0.072122053	0.047156727	0.048543689	0.013869626	0.0055478502	0.10818308	0.19140083	0.06518724	0.0097087379	0.047156727	0.041608877	0.088765603	0.027739251	0.038834951	0.016643551	0.033287101	0.051317614	0.022191401	0.041608877	
0.074833419	0.074320861	0.09431061	0.03075346	0.0082009226	0.012301384	0.092772937	0.084059457	0.027165556	0.0066632496	0.035879036	0.031778575	0.065094823	0.035879036	0.068682727	0.035879036	0.041004613	0.049205536	0.059969247	0.071245515	
0.046341463	0.079268293	0.080487805	0.041463415	0.0097560976	0.030487805	0.11219512	0.11707317	0.063414634	0.013414634	0.068292683	0.014634146	0.024390244	0.023170732	0.056097561	0.046341463	0.030487805	0.02195122	0.056097561	0.064634146	
0.085198556	0.10541516	0.075812274	0.071480144	0.010830325	0.02166065	0.11263538	0.070758123	0.020216606	0.013718412	0.027436823	0.026714801	0.046931408	0.018050542	0.11263538	0.020938628	0.03465704	0.019494585	0.05198556	0.053429603	
0.042857143	0.11868132	0.068131868	0.034065934	0.010989011	0.013186813	0.11978022	0.062637363	0.06043956	0.0010989011	0.069230769	0.021978022	0.09010989	0.024175824	0.054945055	0.030769231	0.047252747	0.050549451	0.028571429	0.050549451	
0.076865672	0.088059701	0.095522388	0.032835821	0.0029850746	0.017910448	0.08880597	0.062686567	0.041044776	0.012686567	0.057462687	0.03880597	0.05	0.023134328	0.10074627	0.029104478	0.03880597	0.025373134	0.061940299	0.055223881	
0.045791246	0.051178451	0.091582492	0.043097643	0.012794613	0.012794613	0.13333333	0.12053872	0.07003367	0.0060606061	0.051851852	0.022222222	0.038383838	0.028956229	0.066666667	0.043097643	0.042424242	0.016161616	0.044444444	0.058585859
# Stationnary Probability:
0.065791319	0.075115715	0.088433151	0.042794113	0.011729082	0.021796014	0.10637347	0.093223147	0.048436756	0.0075901812	0.048037592	0.029606992	0.051612427	0.026022439	0.069998208	0.029533259	0.049713526	0.032613529	0.048201174	0.053377904
# the number of sequences used to build Markov model:
62
