# 1 <- Order of the phased Markov chain
# 1 <- Phase
# 20 <- Alphabet size
# Transition matrix:
0.064748201	0.062829736	0.089208633	0.046043165	0.026858513	0.022541966	0.13764988	0.07146283	0.064268585	0.013429257	0.056115108	0.031654676	0.025899281	0.020623501	0.091127098	0.026858513	0.05323741	0.01294964	0.035971223	0.046522782	
0.080341113	0.053411131	0.083931777	0.053411131	0.013016158	0.030520646	0.12701975	0.085278276	0.037701975	0.016157989	0.048025135	0.02962298	0.037253142	0.014362657	0.079443447	0.037701975	0.045332136	0.034111311	0.036355476	0.057001795	
0.071315372	0.061806656	0.078288431	0.040253566	0.025356577	0.024088748	0.11568938	0.077654517	0.061489699	0.017432647	0.056735341	0.016481775	0.050396197	0.024722662	0.063391442	0.029477021	0.05800317	0.025356577	0.058954041	0.043106181	
0.054784514	0.056245435	0.070124178	0.054054054	0.0080350621	0.042366691	0.12125639	0.12856099	0.062089116	0.010956903	0.047479912	0.045288532	0.029218408	0.032870709	0.061358656	0.027757487	0.062089116	0.018991965	0.029948868	0.036523009	
0.051823417	0.090211132	0.080614203	0.05950096	0.011516315	0.0038387716	0.14779271	0.053742802	0.061420345	0.0057581574	0.032629559	0.019193858	0.024952015	0.015355086	0.080614203	0.019193858	0.10556622	0.021113244	0.046065259	0.069097889	
0.044164038	0.048370137	0.042060988	0.05573081	0.024185068	0.018927445	0.11461619	0.074658254	0.069400631	0.0094637224	0.11777077	0.025236593	0.072555205	0.057833859	0.030494217	0.01787592	0.038906414	0.034700315	0.056782334	0.046267087	
0.066892464	0.073101891	0.10104431	0.039796782	0.025966695	0.028506915	0.13293819	0.082980525	0.044594976	0.0087496472	0.036127576	0.028224668	0.05023991	0.023426475	0.066045724	0.020604008	0.051651143	0.036692069	0.035280835	0.047135196	
0.048920378	0.077935223	0.10188934	0.044534413	0.011808367	0.037449393	0.10020243	0.075573549	0.037112011	0.0053981107	0.060391363	0.067813765	0.025978408	0.043859649	0.056005398	0.019568151	0.050944669	0.025303644	0.045209177	0.064102564	
0.06109134	0.051008304	0.10438909	0.048042705	0.0053380783	0.025504152	0.091933571	0.14590747	0.048635824	0.0065243179	0.054567023	0.039145907	0.046856465	0.037959668	0.039739027	0.03143535	0.048635824	0.024911032	0.03262159	0.055753262	
0.03163017	0.063260341	0.065693431	0.01703163	0.060827251	0.04379562	0.04379562	0.03649635	0.03892944	0.072992701	0.0243309	0.02919708	0.03163017	0.097323601	0.04379562	0.090024331	0.058394161	0.03163017	0.0486618	0.070559611	
0.044028951	0.075995175	0.084439083	0.029553679	0.0084439083	0.021109771	0.095898673	0.11580217	0.042219542	0.021109771	0.069360676	0.039806996	0.056091677	0.036188179	0.06212304	0.024728589	0.049457177	0.029553679	0.03920386	0.054885404	
0.045045045	0.040540541	0.12072072	0.059459459	0.017117117	0.018018018	0.068468468	0.046846847	0.063963964	0.043243243	0.065765766	0.035135135	0.031531532	0.1009009	0.046846847	0.027927928	0.057657658	0.034234234	0.033333333	0.043243243	
0.054400978	0.088630807	0.12713936	0.055012225	0.010391198	0.024449878	0.092298289	0.047066015	0.028117359	0.0067237164	0.032396088	0.061124694	0.083129584	0.023227384	0.064792176	0.036674817	0.077628362	0.017726161	0.033618582	0.035452323	
0.045658013	0.071620412	0.059982095	0.02954342	0.011638317	0.010743062	0.070725157	0.20411817	0.043867502	0.0080572963	0.064458371	0.02775291	0.13607878	0.025962399	0.046553268	0.021486124	0.041181737	0.024171889	0.023276634	0.03312444	
0.070754717	0.079716981	0.11886792	0.027358491	0.010849057	0.015566038	0.083490566	0.064622642	0.059433962	0.011320755	0.035849057	0.012735849	0.068867925	0.032075472	0.053301887	0.048584906	0.033962264	0.036792453	0.062735849	0.073113208	
0.070895522	0.064365672	0.12126866	0.030783582	0.013059701	0.037313433	0.10727612	0.086753731	0.035447761	0.0037313433	0.032649254	0.045708955	0.056902985	0.04011194	0.037313433	0.050373134	0.027052239	0.021455224	0.055037313	0.0625	
0.092253105	0.06741573	0.082791248	0.030159669	0.011827321	0.018332348	0.094027203	0.08101715	0.073329391	0.011235955	0.036073329	0.021880544	0.036664695	0.040804258	0.1011236	0.030159669	0.034890597	0.02247191	0.046717918	0.066824364	
0.076439791	0.077486911	0.09947644	0.030366492	0.0073298429	0.023036649	0.11937173	0.085863874	0.027225131	0.0041884817	0.054450262	0.012565445	0.064921466	0.045026178	0.051308901	0.045026178	0.040837696	0.034554974	0.046073298	0.054450262	
0.057277628	0.056603774	0.10781671	0.023584906	0.0094339623	0.049191375	0.087601078	0.11118598	0.038409704	0.0040431267	0.034366577	0.028975741	0.034366577	0.021563342	0.066037736	0.04851752	0.045822102	0.043800539	0.080862534	0.050539084	
0.060295791	0.062571104	0.098407281	0.036973834	0.0085324232	0.019340159	0.092718999	0.097838453	0.067690557	0.0096700796	0.037542662	0.026734926	0.044368601	0.026734926	0.073947668	0.045506257	0.055176337	0.035267349	0.046075085	0.054607509
# Stationnary Probability:
0.062408016	0.066664788	0.094406929	0.040844473	0.015559844	0.026341026	0.1059441	0.088721339	0.050296065	0.012263377	0.049379321	0.033138511	0.048903017	0.033329281	0.063362248	0.032200384	0.050595283	0.028483864	0.044566838	0.052591297
# the number of sequences used to build Markov model:
70
