# 1 <- Order of the phased Markov chain
# 1 <- Phase
# 20 <- Alphabet size
# Transition matrix:
0.079566004	0.075949367	0.070524412	0.021699819	0.014466546	0.024412297	0.091320072	0.095840868	0.05244123	0.0045207957	0.050632911	0.0081374322	0.04159132	0.015370705	0.13110307	0.037974684	0.069620253	0.023508137	0.056057866	0.035262206	
0.085976628	0.086811352	0.055926544	0.040066778	0.0091819699	0.025041736	0.095993322	0.051752922	0.059265442	0.0083472454	0.043405676	0.022537563	0.05509182	0.016694491	0.10100167	0.042570952	0.063439065	0.019198664	0.062604341	0.05509182	
0.07120743	0.071981424	0.085139319	0.033281734	0.0061919505	0.025541796	0.10603715	0.08126935	0.072755418	0.0077399381	0.061145511	0.01006192	0.052631579	0.015479876	0.054179567	0.020123839	0.080495356	0.035603715	0.064241486	0.044891641	
0.091038407	0.062588905	0.068278805	0.06401138	0.0085348506	0.0085348506	0.091038407	0.10099573	0.046941679	0.0099573257	0.055476529	0.029871977	0.052631579	0.048364154	0.062588905	0.019914651	0.051209104	0.035561878	0.048364154	0.044096728	
0.043956044	0.071428571	0.071428571	0.076923077	0.010989011	0.010989011	0.093406593	0.15384615	0.049450549	0.021978022	0.043956044	0.038461538	0.065934066	0.010989011	0.065934066	0.0054945055	0.027472527	0.049450549	0.049450549	0.038461538	
0.082228117	0.045092838	0.047745358	0.068965517	0.0079575597	0.029177719	0.095490716	0.071618037	0.055702918	0.018567639	0.082228117	0.015915119	0.066312997	0.013262599	0.053050398	0.037135279	0.068965517	0.055702918	0.050397878	0.034482759	
0.078551913	0.10177596	0.092896175	0.042349727	0.019808743	0.025273224	0.13319672	0.06215847	0.040983607	0.0088797814	0.045765027	0.024590164	0.039617486	0.016393443	0.073770492	0.015710383	0.045765027	0.025956284	0.057377049	0.049180328	
0.082548878	0.076755974	0.10572049	0.044895004	0.010861694	0.027516293	0.081100652	0.081100652	0.041274439	0.0036205648	0.050687907	0.042722665	0.031136857	0.021723389	0.052860246	0.0094134685	0.048515568	0.059377263	0.054308472	0.073859522	
0.062666667	0.041333333	0.066666667	0.057333333	0.02	0.026666667	0.076	0.15466667	0.054666667	0.018666667	0.038666667	0.044	0.042666667	0.034666667	0.06	0.026666667	0.050666667	0.044	0.050666667	0.029333333	
0.053691275	0.046979866	0.020134228	0.080536913	0.046979866	0.013422819	0.093959732	0.10738255	0.0067114094	0.020134228	0.067114094	0.026845638	0.067114094	0.053691275	0.053691275	0.033557047	0.093959732	0.026845638	0.040268456	0.046979866	
0.052287582	0.054901961	0.090196078	0.05751634	0.014379085	0.026143791	0.090196078	0.13202614	0.058823529	0.0078431373	0.054901961	0.049673203	0.040522876	0.02745098	0.047058824	0.020915033	0.041830065	0.026143791	0.075816993	0.031372549	
0.07755102	0.071428571	0.085714286	0.042857143	0.02244898	0.028571429	0.051020408	0.063265306	0.067346939	0.0081632653	0.03877551	0.032653061	0.10408163	0.040816327	0.067346939	0.020408163	0.034693878	0.032653061	0.040816327	0.069387755	
0.056804734	0.065088757	0.11715976	0.047337278	0.0035502959	0.016568047	0.073372781	0.079289941	0.029585799	0.010650888	0.033136095	0.069822485	0.093491124	0.017751479	0.049704142	0.013017751	0.092307692	0.035502959	0.059171598	0.036686391	
0.030054645	0.090163934	0.035519126	0.071038251	0.010928962	0.0027322404	0.1284153	0.17486339	0.043715847	0.010928962	0.054644809	0.040983607	0.054644809	0.040983607	0.040983607	0.010928962	0.040983607	0.043715847	0.038251366	0.035519126	
0.081081081	0.075168919	0.10472973	0.029560811	0.0084459459	0.016047297	0.071790541	0.076858108	0.027871622	0.0067567568	0.027871622	0.033783784	0.07347973	0.037162162	0.087837838	0.028716216	0.038851351	0.043074324	0.071790541	0.059121622	
0.041899441	0.089385475	0.083798883	0.019553073	0.0083798883	0.022346369	0.11173184	0.12011173	0.075418994	0.016759777	0.069832402	0.016759777	0.025139665	0.025139665	0.075418994	0.027932961	0.030726257	0.033519553	0.06424581	0.041899441	
0.087697929	0.1047503	0.06455542	0.077953715	0.0097442144	0.02679659	0.080389769	0.077953715	0.019488429	0.015834348	0.025578563	0.037758831	0.049939099	0.017052375	0.12180268	0.015834348	0.032886724	0.021924482	0.062119367	0.049939099	
0.036900369	0.11254613	0.077490775	0.042435424	0.011070111	0.018450185	0.094095941	0.068265683	0.04797048	0.0018450185	0.077490775	0.025830258	0.10885609	0.022140221	0.057195572	0.011070111	0.040590406	0.055350554	0.033210332	0.057195572	
0.069154775	0.080131723	0.091108672	0.040614709	0.0032930845	0.019758507	0.082327113	0.06586169	0.032930845	0.016465423	0.057080132	0.049396268	0.038419319	0.023051592	0.11196487	0.023051592	0.037321625	0.026344676	0.072447859	0.059275521	
0.045811518	0.060209424	0.096858639	0.037958115	0.014397906	0.014397906	0.12958115	0.11780105	0.073298429	0.010471204	0.054973822	0.015706806	0.047120419	0.017015707	0.062827225	0.032722513	0.037958115	0.02486911	0.060209424	0.045811518
# Stationnary Probability:
0.070772996	0.076755816	0.083002615	0.045003583	0.011643015	0.021898606	0.093762911	0.088367699	0.048043841	0.0096972412	0.048826486	0.031403285	0.053966584	0.023675272	0.075706943	0.022912156	0.052438471	0.034652262	0.058549597	0.048920619
# the number of sequences used to build Markov model:
34
