# 1 <- Order of the phased Markov chain
# 1 <- Phase
# 20 <- Alphabet size
# Transition matrix:
0.056683587	0.051607445	0.088832487	0.051607445	0.028764805	0.029610829	0.12351946	0.070219966	0.060913706	0.01607445	0.055837563	0.032994924	0.019458545	0.026226734	0.10406091	0.035532995	0.04822335	0.01607445	0.038071066	0.045685279	
0.076740506	0.060917722	0.071993671	0.049841772	0.019778481	0.028481013	0.13686709	0.07278481	0.029272152	0.015031646	0.051424051	0.034810127	0.030063291	0.014240506	0.087816456	0.048259494	0.037183544	0.034018987	0.04193038	0.058544304	
0.074011299	0.049152542	0.082485876	0.044067797	0.029378531	0.024858757	0.11412429	0.071186441	0.075706215	0.017514124	0.050847458	0.017514124	0.052542373	0.02259887	0.057062147	0.03559322	0.049717514	0.031638418	0.057062147	0.042937853	
0.055190539	0.063074901	0.086727989	0.055190539	0.010512484	0.056504599	0.1064389	0.13403417	0.052562418	0.010512484	0.039421813	0.045992116	0.027595269	0.02890933	0.067017083	0.023653088	0.05781866	0.013140604	0.036793693	0.02890933	
0.055393586	0.069970845	0.075801749	0.067055394	0.0058309038	0.0058309038	0.14285714	0.043731778	0.052478134	0.0058309038	0.026239067	0.026239067	0.014577259	0.011661808	0.087463557	0.020408163	0.13994169	0.026239067	0.052478134	0.069970845	
0.044905009	0.051813472	0.032815199	0.063903282	0.034542314	0.017271157	0.11744387	0.055267703	0.070811744	0.0086355786	0.13298791	0.020725389	0.062176166	0.07253886	0.029360967	0.01208981	0.022452504	0.03626943	0.069084629	0.044905009	
0.066483516	0.085714286	0.10164835	0.029120879	0.034615385	0.03956044	0.13131868	0.072527473	0.054395604	0.0087912088	0.026373626	0.02032967	0.048351648	0.026373626	0.067032967	0.025824176	0.050549451	0.031318681	0.036263736	0.043406593	
0.047828823	0.078036501	0.084329767	0.04657017	0.016362492	0.047828823	0.0969163	0.084959094	0.027061045	0.0012586532	0.05034613	0.075519194	0.020138452	0.038388924	0.058527376	0.017621145	0.055380743	0.027061045	0.062303335	0.063561989	
0.057483731	0.054229935	0.10954447	0.062906725	0.0086767896	0.021691974	0.068329718	0.14099783	0.050976139	0.010845987	0.062906725	0.03362256	0.04989154	0.034707158	0.035791757	0.039045553	0.047722343	0.026030369	0.036876356	0.047722343	
0.039370079	0.039370079	0.090551181	0.015748031	0.043307087	0.027559055	0.059055118	0.023622047	0.039370079	0.082677165	0.027559055	0.015748031	0.015748031	0.094488189	0.039370079	0.11023622	0.07480315	0.035433071	0.059055118	0.066929134	
0.054384018	0.087680355	0.091009989	0.029966704	0.0077691454	0.027746948	0.082130966	0.11653718	0.027746948	0.02663707	0.073251942	0.028856826	0.063263041	0.037735849	0.055493896	0.031076582	0.045504994	0.028856826	0.039955605	0.044395117	
0.059006211	0.045031056	0.13975155	0.048136646	0.01552795	0.01863354	0.057453416	0.037267081	0.048136646	0.043478261	0.065217391	0.023291925	0.040372671	0.10093168	0.046583851	0.031055901	0.055900621	0.037267081	0.040372671	0.046583851	
0.046822742	0.092530658	0.12486065	0.059085842	0.013377926	0.015607581	0.084726867	0.042363434	0.033444816	0.0078037904	0.033444816	0.070234114	0.08361204	0.018952062	0.065774805	0.04793757	0.080267559	0.014492754	0.031215162	0.033444816	
0.056782334	0.074132492	0.055205047	0.028391167	0.0078864353	0.0063091483	0.083596215	0.21608833	0.036277603	0.0094637224	0.059936909	0.022082019	0.14037855	0.028391167	0.047318612	0.022082019	0.034700315	0.023659306	0.018927445	0.028391167	
0.074285714	0.079183673	0.11346939	0.027755102	0.015510204	0.01877551	0.07755102	0.057142857	0.059591837	0.017142857	0.03755102	0.017142857	0.060408163	0.035918367	0.057959184	0.050612245	0.035918367	0.039183673	0.067755102	0.057142857	
0.063583815	0.067919075	0.14017341	0.020231214	0.0072254335	0.030346821	0.086705202	0.089595376	0.030346821	0.0043352601	0.030346821	0.065028902	0.063583815	0.039017341	0.028901734	0.065028902	0.027456647	0.021676301	0.054913295	0.063583815	
0.10121012	0.073707371	0.078107811	0.02530253	0.01320132	0.01540154	0.069306931	0.082508251	0.080308031	0.01320132	0.03850385	0.02640264	0.04730473	0.03740374	0.10891089	0.03410341	0.03080308	0.02090209	0.04840484	0.055005501	
0.08988764	0.080524345	0.10861423	0.02247191	0.0074906367	0.026217228	0.076779026	0.088014981	0.024344569	0.0056179775	0.054307116	0.016853933	0.06928839	0.052434457	0.054307116	0.050561798	0.039325843	0.026217228	0.063670412	0.043071161	
0.050493963	0.062568606	0.12294182	0.026344676	0.0098792536	0.054884742	0.07025247	0.10208562	0.03402854	0.0054884742	0.038419319	0.03402854	0.028540066	0.023051592	0.079034029	0.054884742	0.045005488	0.037321625	0.073545554	0.047200878	
0.063876652	0.057268722	0.09030837	0.034140969	0.013215859	0.019823789	0.077092511	0.0969163	0.067180617	0.013215859	0.034140969	0.037444934	0.047356828	0.028634361	0.082599119	0.044052863	0.051762115	0.038546256	0.053964758	0.04845815
# Stationnary Probability:
0.063334325	0.067693066	0.094809851	0.040501929	0.018326757	0.028841492	0.097249813	0.084990076	0.04915891	0.013559643	0.047999637	0.034404609	0.04799104	0.03384957	0.065509825	0.037261013	0.048661529	0.028481174	0.048850091	0.04852565
# the number of sequences used to build Markov model:
39
