# 1 <- Order of the phased Markov chain
# 1 <- Phase
# 20 <- Alphabet size
# Transition matrix:
0.072646405	0.068198666	0.077835434	0.050407709	0.0081541883	0.032616753	0.12231282	0.058561898	0.067457376	0.0051890289	0.040029652	0.027427724	0.057820608	0.012601927	0.078576723	0.018532246	0.080059303	0.022238695	0.04744255	0.051890289	
0.068742656	0.05346651	0.075793184	0.038777908	0.0082256169	0.046415981	0.10340776	0.069917744	0.05346651	0.0047003525	0.046415981	0.038777908	0.063454759	0.010575793	0.080493537	0.014101058	0.047003525	0.054641598	0.048766157	0.072855464	
0.062775871	0.080922021	0.071603727	0.046591466	0.012260912	0.014713095	0.12408043	0.086807258	0.0725846	0.0044139284	0.069641981	0.02648357	0.045120157	0.016184404	0.076508092	0.02795488	0.04610103	0.020598333	0.043158411	0.051495831	
0.058524173	0.051738762	0.067854114	0.057675997	0.012722646	0.021204411	0.091603053	0.13486005	0.062765055	0.0076335878	0.04495335	0.018659881	0.024597116	0.037319763	0.075487701	0.024597116	0.059372349	0.04495335	0.045801527	0.057675997	
0.068627451	0.055555556	0.13398693	0.039215686	0.022875817	0.016339869	0.065359477	0.035947712	0.052287582	0.016339869	0.068627451	0.13071895	0.039215686	0.019607843	0.045751634	0.022875817	0.075163399	0.026143791	0.035947712	0.029411765	
0.044797688	0.072254335	0.093930636	0.059248555	0.0028901734	0.01300578	0.10693642	0.079479769	0.086705202	0.0028901734	0.086705202	0.011560694	0.060693642	0.014450867	0.067919075	0.026011561	0.053468208	0.046242775	0.034682081	0.036127168	
0.039244724	0.071084783	0.083302481	0.052573121	0.019622362	0.025175861	0.12736024	0.10958904	0.046279156	0.0070344317	0.036282858	0.036282858	0.045168456	0.034801925	0.055534987	0.044057756	0.048130322	0.017400963	0.038504258	0.062569419	
0.050189793	0.093631379	0.077604386	0.063686208	0.0227752	0.024040489	0.10670603	0.12020245	0.066216786	0.0059046816	0.062420919	0.025305778	0.040489245	0.048502741	0.022353437	0.0088570224	0.023196963	0.052298608	0.044285112	0.041332771	
0.049580473	0.044241037	0.13653699	0.048817696	0.020594966	0.051868802	0.07856598	0.10755149	0.056445461	0.004576659	0.039664378	0.020594966	0.058733791	0.023646072	0.10831426	0.020594966	0.041189931	0.022883295	0.035850496	0.029748284	
0.046979866	0.020134228	0.073825503	0.093959732	0.013422819	0.033557047	0.080536913	0.24161074	0.013422819	0.0067114094	0.033557047	0.046979866	0.013422819	0.026845638	0.020134228	0.046979866	0.087248322	0.013422819	0.020134228	0.067114094	
0.039694656	0.064885496	0.086259542	0.039694656	0.0091603053	0.033587786	0.10381679	0.1389313	0.03740458	0.020610687	0.05648855	0.029770992	0.088549618	0.013740458	0.049618321	0.038167939	0.053435115	0.018320611	0.038931298	0.038931298	
0.060810811	0.064864865	0.078378378	0.055405405	0.017567568	0.012162162	0.052702703	0.13243243	0.072972973	0.0040540541	0.032432432	0.022972973	0.048648649	0.077027027	0.048648649	0.064864865	0.041891892	0.064864865	0.017567568	0.02972973	
0.063039724	0.13298791	0.082037997	0.042314335	0.011226252	0.028497409	0.090673575	0.10103627	0.056131261	0.0034542314	0.10017271	0.027633851	0.044905009	0.018998273	0.039723661	0.028497409	0.062176166	0.017271157	0.018998273	0.030224525	
0.029032258	0.046774194	0.05483871	0.017741935	0.0096774194	0.019354839	0.12419355	0.1983871	0.079032258	0.012903226	0.072580645	0.016129032	0.088709677	0.012903226	0.048387097	0.019354839	0.046774194	0.048387097	0.022580645	0.032258065	
0.058322412	0.090432503	0.089121887	0.028833552	0.005242464	0.024901704	0.15661861	0.080602883	0.048492792	0.001965924	0.031454784	0.035386632	0.051114024	0.015727392	0.058322412	0.034731324	0.037352556	0.034731324	0.057011796	0.059633028	
0.039308176	0.050314465	0.092767296	0.053459119	0.001572327	0.0078616352	0.16509434	0.089622642	0.055031447	0.0078616352	0.053459119	0.039308176	0.034591195	0.018867925	0.064465409	0.045597484	0.056603774	0.022012579	0.050314465	0.051886792	
0.089285714	0.086734694	0.10204082	0.041666667	0.0093537415	0.017857143	0.11394558	0.085884354	0.034863946	0.0076530612	0.051020408	0.053571429	0.027210884	0.017006803	0.097789116	0.017857143	0.043367347	0.013605442	0.044217687	0.045068027	
0.050331126	0.02384106	0.054304636	0.035761589	0.02384106	0.054304636	0.080794702	0.064900662	0.038410596	0.0013245033	0.12980132	0.038410596	0.075496689	0.034437086	0.063576159	0.021192053	0.086092715	0.034437086	0.031788079	0.056953642	
0.096133751	0.066875653	0.08045977	0.067920585	0.0041797283	0.01985371	0.13166144	0.071055381	0.041797283	0.0031347962	0.048066876	0.022988506	0.02507837	0.044932079	0.08045977	0.018808777	0.035527691	0.035527691	0.0553814	0.05015674	
0.046035806	0.071611253	0.12872975	0.073316283	0.0085251492	0.023017903	0.15174766	0.084398977	0.031543052	0.0051150895	0.04859335	0.025575448	0.026427962	0.016197783	0.072463768	0.018755328	0.057971014	0.028132992	0.028985507	0.052855925
# Stationnary Probability:
0.05672402	0.071491391	0.0858783	0.04941507	0.012850608	0.026818604	0.11357296	0.099608686	0.054896019	0.0062534719	0.055032483	0.031069255	0.048650345	0.026066641	0.064096332	0.026667013	0.049340821	0.031789467	0.040477541	0.04930097
# the number of sequences used to build Markov model:
54
