# 1 <- Order of the phased Markov chain
# 1 <- Phase
# 20 <- Alphabet size
# Transition matrix:
0.067460317	0.07010582	0.08994709	0.056878307	0.010582011	0.033068783	0.11507937	0.051587302	0.066137566	0.0052910053	0.03968254	0.027777778	0.051587302	0.011904762	0.085978836	0.018518519	0.080687831	0.022486772	0.047619048	0.047619048	
0.061076605	0.059006211	0.086956522	0.042443064	0.010351967	0.040372671	0.10351967	0.050724638	0.057971014	0.0051759834	0.054865424	0.036231884	0.055900621	0.011387164	0.084886128	0.013457557	0.053830228	0.050724638	0.047619048	0.073498965	
0.063301967	0.081266039	0.068434559	0.043627032	0.0094097519	0.014542344	0.12489307	0.082976903	0.063301967	0.00427716	0.071000855	0.027373824	0.04704876	0.01710864	0.080410607	0.028229256	0.054747648	0.0213858	0.050470488	0.046193328	
0.065648855	0.053435115	0.076335878	0.05648855	0.016793893	0.025954198	0.091603053	0.11450382	0.050381679	0.0091603053	0.053435115	0.022900763	0.029007634	0.025954198	0.071755725	0.024427481	0.058015267	0.051908397	0.041221374	0.061068702	
0.057142857	0.057142857	0.10857143	0.051428571	0.034285714	0.011428571	0.091428571	0.045714286	0.034285714	0.022857143	0.074285714	0.12571429	0.028571429	0.028571429	0.028571429	0.04	0.051428571	0.028571429	0.051428571	0.028571429	
0.050531915	0.061170213	0.10904255	0.053191489	0.0053191489	0.015957447	0.098404255	0.095744681	0.074468085	0.0053191489	0.087765957	0.015957447	0.055851064	0.010638298	0.079787234	0.015957447	0.058510638	0.031914894	0.039893617	0.034574468	
0.036327609	0.074636724	0.087186262	0.045574637	0.017833554	0.022457067	0.12747688	0.10369881	0.049537649	0.0085865258	0.046895641	0.038969617	0.046235139	0.034346103	0.060766182	0.038309115	0.042272127	0.017833554	0.041611625	0.059445178	
0.054826255	0.096525097	0.074131274	0.059459459	0.024710425	0.017760618	0.11196911	0.11042471	0.064864865	0.0077220077	0.067953668	0.024710425	0.040926641	0.049420849	0.022393822	0.0069498069	0.025482625	0.050965251	0.047104247	0.041698842	
0.051175657	0.049792531	0.12586445	0.052558783	0.013831259	0.051175657	0.084370678	0.1175657	0.051175657	0.0041493776	0.041493776	0.020746888	0.052558783	0.029045643	0.099585062	0.01659751	0.044260028	0.024896266	0.041493776	0.027662517	
0.030927835	0.010309278	0.082474227	0.12371134	0.020618557	0.020618557	0.082474227	0.20618557	0.020618557	0.010309278	0.030927835	0.06185567	0.010309278	0.030927835	0.030927835	0.030927835	0.072164948	0.010309278	0.020618557	0.092783505	
0.043870968	0.058064516	0.092903226	0.036129032	0.011612903	0.03483871	0.099354839	0.12903226	0.042580645	0.019354839	0.056774194	0.03483871	0.082580645	0.014193548	0.047741935	0.036129032	0.061935484	0.018064516	0.041290323	0.038709677	
0.062211982	0.048387097	0.071428571	0.062211982	0.01843318	0.01843318	0.050691244	0.14285714	0.076036866	0.0046082949	0.036866359	0.020737327	0.057603687	0.073732719	0.043778802	0.059907834	0.039170507	0.059907834	0.025345622	0.02764977	
0.063076923	0.13692308	0.081538462	0.04	0.013846154	0.024615385	0.095384615	0.1	0.050769231	0.0046153846	0.090769231	0.027692308	0.050769231	0.029230769	0.041538462	0.024615385	0.052307692	0.02	0.023076923	0.029230769	
0.020588235	0.041176471	0.052941176	0.017647059	0.011764706	0.020588235	0.11764706	0.18529412	0.079411765	0.014705882	0.064705882	0.020588235	0.1	0.014705882	0.058823529	0.026470588	0.041176471	0.044117647	0.032352941	0.035294118	
0.05511811	0.083239595	0.082114736	0.023622047	0.005624297	0.024746907	0.15073116	0.073115861	0.046119235	0.0033745782	0.038245219	0.041619798	0.053993251	0.014623172	0.066366704	0.032620922	0.041619798	0.041619798	0.059617548	0.061867267	
0.048048048	0.048048048	0.084084084	0.06006006	0.003003003	0.009009009	0.15615616	0.1021021	0.066066066	0.006006006	0.057057057	0.03003003	0.018018018	0.012012012	0.078078078	0.03003003	0.057057057	0.027027027	0.06006006	0.048048048	
0.088105727	0.074889868	0.10279001	0.044052863	0.0073421439	0.019089574	0.1174743	0.082232012	0.035242291	0.0088105727	0.044052863	0.049926579	0.030837004	0.019089574	0.092511013	0.016152717	0.051395007	0.020558003	0.04845815	0.046989721	
0.048498845	0.027713626	0.055427252	0.041570439	0.018475751	0.057736721	0.073903002	0.080831409	0.043879908	0.0023094688	0.12471132	0.03926097	0.071593533	0.027713626	0.057736721	0.020785219	0.087759815	0.030023095	0.036951501	0.053117783	
0.092748735	0.075885329	0.07925801	0.064080944	0.0050590219	0.016863406	0.11298482	0.082630691	0.040472175	0.0050590219	0.047217538	0.02529511	0.030354132	0.030354132	0.087689713	0.020236088	0.040472175	0.042158516	0.060708263	0.040472175	
0.03875969	0.082170543	0.13953488	0.068217054	0.0062015504	0.021705426	0.1503876	0.093023256	0.034108527	0.0062015504	0.051162791	0.026356589	0.026356589	0.012403101	0.068217054	0.018604651	0.051162791	0.023255814	0.03255814	0.049612403
# Stationnary Probability:
0.056089806	0.07173939	0.086983798	0.048509301	0.012978687	0.025723946	0.11234183	0.096150668	0.053514931	0.0071893294	0.05758288	0.032182774	0.048290149	0.025289418	0.065969536	0.024686903	0.050432532	0.032224459	0.04416167	0.047957989
# the number of sequences used to build Markov model:
30
